  5.217958
  5.224886
  5.251755
  5.264002
  5.269220
  6.038413
  6.039138
  6.044817
  6.045030
  6.052059
  6.054117
  6.054897
  6.055210
  6.056887
  6.103850
  6.104180
  6.104472
  6.104804
  6.105597
  6.139455
  6.141879
  6.142498
  6.203538
  6.204244
  6.204625
  6.205518
  6.205899
  6.206164
  6.263260
  6.264174
  6.264543
  6.267230
  6.268636
  6.268898
  6.269059
  6.322623
  6.323410
  6.323798
  6.324189
  6.324572
  6.324857
  6.384963
  6.385703
  6.386694
  6.387051
  6.388952
  6.389503
  6.396368
  6.396670
  6.397373
  6.451656
  6.451965
  6.452335
  6.452720
  6.453478
  6.453861
  6.512182
  6.512797
  7.013083
  7.014791
  7.015566
  7.015940
  7.016298
  7.016765
  7.017115
  7.018910
  7.020339
  7.020659
  7.022029
  7.022386
  7.022757
  7.023110
  7.023436
  7.023816
  7.025218
  7.025587
  7.026965
  7.027313
  7.027827
  7.028139
  7.028518
  7.028852
  7.029228
  7.029600
  7.030482
  7.030733
  7.030860
  7.039598
  7.082325
  7.082618
  7.082947
  7.136473
  7.136804
  7.137633
  7.137981
  7.138466
  7.138732
  7.197138
  7.197427
  7.198179
  7.198523
  7.199380
  7.200002
  7.259591
  7.259996
  7.260810
  7.261172
  7.261550
  7.261964
  7.322768
  7.323468
  7.323815
  7.324647
  7.324977
  7.325244
  7.384894
  7.385163
  7.386002
  7.386331
  7.386700
  7.386957
  7.450023
  7.450336
  7.450688
  7.451021
  7.451830
  7.733024
  7.733345
  7.734363
  7.734785
  7.735113
  7.735439
  7.736276
  7.736633
  7.737629
  7.738158
  7.738533
  7.738854
  7.739259
  7.739587
  7.739916
  7.740305
  7.740605
  7.751557
  7.752801
  7.753099
  7.808075
  7.808368
  7.808703
  7.810135
  7.810521
  7.812061
  7.873269
  7.873523
  7.873761
  7.875254
  7.875568
  7.876245
  7.934538
  7.934790
  7.935031
  7.935477
  7.937228
  7.938099
  7.996096
  7.996370
  7.996713
  7.997092
  7.997588
  7.999315
  8.007009
  8.045411
  8.069485
  8.087437
  8.102855
  8.108852
  8.158229
  8.411095
  8.411760
  8.412065
  8.414554
  8.415000
  8.415832
  8.416747
  8.417075
  8.418073
  8.418848
  8.419208
  8.420561
  8.421069
  8.421420
  8.421782
  8.422108
  8.422444
  8.422813
  8.423157
  8.423304
  8.423461
  8.423574
  8.748517
  8.748736
  8.750769
  8.751096
  8.751429
  8.751775
  8.752136
  8.752470
  8.752824
  8.753170
  8.753648
  8.754039
  8.754410
  8.755511
  8.755990
  8.756626
  8.757016
  8.757877
  8.758122
  8.758514
  9.074057
  9.075739
  9.076051
  9.076372
  9.076584
  9.077014
  9.077346
  9.077717
  9.078212
  9.078582
  9.078970
  9.081737
  9.082262
  9.082606
  9.083819
  9.084641
  9.085236
  9.086385
  9.086541
  9.086703
  9.256093
  9.404684
  9.406707
  9.406917
  9.407023
  9.408404
  9.408745
  9.410217
  9.410561
  9.412280
  9.412974
  9.414604
  9.415126
  9.415519
  9.416511
  9.416839
  9.417166
  9.417526
  9.419317
  9.423063
  9.423397
  9.423724
  9.426873
  9.427044
  9.466386
  9.467130
  9.467502
  9.468318
  9.468651
  9.469020
  9.469395
  9.469727
  9.470081
  9.470237
  9.470594
  9.470924
  9.471390
  9.471850
  9.472221
  9.472548
  9.473050
  9.473403
  9.476856
  9.477080
  9.528043
  9.528353
  9.529989
  9.530356
  9.530736
  9.531088
  9.532632
  9.533011
  9.534449
  9.534776
  9.535119
  9.536527
  9.541774
  9.542500
  9.542877
  9.546459
  9.547243
  9.547576
  9.548401
  9.552223
  9.552573
  9.553085
  9.553464
  9.553622
  9.553955
  9.554286
  9.555130
  9.590020
  9.593429
  9.594153
  9.594502
  9.594856
  9.595198
  9.595690
  9.596068
  9.596402
  9.597324
  9.597658
  9.600870
  9.601183
  9.601558
  9.601945
  9.602267
  9.602876
  9.603224
  9.604045
  9.604359
  9.605360
  9.605737
  9.606073
  9.606457
  9.606831
  9.606998
  9.651056
  9.651369
  9.652641
  9.653007
  9.653348
  9.654064
  9.654418
  9.654761
  9.655502
  9.656816
  9.657203
  9.657537
  9.657928
  9.658280
  9.661116
  9.666897
  9.667248
  9.667592
  9.667921
  9.668971
  9.670747
  9.673979
  9.674775
  9.677743
  9.681296
  9.681621
  9.681958
  9.713786
  9.714064
  9.714419
  9.714767
  9.717777
  9.718132
  9.718513
  9.719164
  9.719209
  9.719568
  9.719949
  9.720276
  9.721853
  9.722641
  9.722987
  9.723313
  9.723639
  9.723976
  9.725557
  9.726006
  9.726794
  9.727132
  9.730034
  9.731578
  9.731905
  9.732315
  9.734512
  9.736953
  9.737315
  9.737666
  9.739161
  9.739640
  9.739991
  9.741267
  9.741602
  9.741939
  9.742080
  9.754481
  9.756196
  9.757052
  9.757425
  9.757758
  9.758450
  9.758665
  9.809080
  9.809373
  9.809754
  9.810979
  9.811348
  9.811592
  9.820024
  9.820386
  9.820693
  9.869220
  9.869505
  9.869849
  9.934912
  9.935061
  9.935436
  9.936173
  9.936999
  9.937255
  9.995815
  9.996571
  9.996884
  9.997220
  9.997574
  9.997818
 10.056491
 10.056763
 10.057605
 10.057933
 10.059148
 10.059387
 10.122241
 10.122986
 10.123324
 10.124113
 10.127472
 10.127706
 10.136372
 10.136587
 10.202371
 10.202683
 10.203045
 10.204503
 10.204835
 10.205120
 10.260964
 10.261879
 10.263595
 10.267547
 10.267875
 10.268132
 10.323302
 10.324118
 10.324482
 10.325250
 10.325592
 10.327169
 10.328409
 10.329189
 10.330619
 10.385893
 10.386230
 10.386584
 10.387070
 10.390464
 10.390678
 10.448489
 10.451591
 10.456401
 10.457345
 10.458220
 10.458464
 10.461501
 10.461923
 10.463045
 10.473399
 10.476036
 10.480829
 10.527270
 10.533796
 10.535845
 10.536693
 10.537095
 10.537360
 10.587679
 10.589569
 10.589866
 10.590292
 10.591654
 10.652995
 10.653840
 10.654287
 10.655022
 10.656144
 10.656472
 10.716059
 10.718265
 10.718589
 10.721851
 10.727640
 10.729438
 10.736980
 10.737783
 10.738160
 10.796350
 10.797336
 10.799330
 10.801862
 10.802506
 10.802662
 10.854555
 10.857072
 10.858113
 10.859184
 10.860426
 10.860705
 10.916885
 10.917678
 10.918015
 10.918404
 10.919517
 10.920746
 10.994227
 10.995219
 10.995598
 10.997601
 10.999091
 11.003687
 11.004037
 11.006264
 11.006643
 11.016315
 11.017230
 11.017952
 11.074229
 11.074582
 11.075486
 11.076411
 11.077007
 11.077249
 11.135511
 11.135867
 11.136413
 11.136801
 11.137314
 11.196967
 11.197336
 11.198419
 11.199408
 11.200473
 11.200804
 11.261390
 11.261744
 11.262127
 11.262497
 11.265202
 11.265924
 11.323067
 11.325694
 11.329102
 11.330067
 11.331022
 11.332177
 11.340007
 11.341731
 11.342038
 11.400968
 11.401935
 11.402392
 11.406261
 11.408964
 11.409295
 11.467425
 11.468086
 11.472007
 11.477796
 11.478563
 11.478827
 11.479575
 11.480606
 11.481550
 11.527922
 11.528264
 11.528623
 11.529331
 11.529732
 11.530204
 11.590545
 11.590904
 11.592083
 11.596779
 11.597051
 11.597615
 11.607626
 11.608601
 11.610379
 11.668156
 11.668466
 11.670398
 11.671396
 11.672524
 11.672771
 11.728285
 11.728609
 11.729723
 11.730114
 11.730733
 11.730979
 11.793931
 11.794268
 11.795184
 11.795516
 11.796190
 11.796483
 11.856391
 11.856805
 11.857150
 11.860549
 11.866385
 11.866617
 11.917099
 11.918595
 11.918964
 11.921142
 11.921912
 11.922259
 11.946606
 11.947008
 11.947562
 11.995708
 11.998864
 11.999121
 12.058808
 12.059728
 12.067939
 12.068274
 12.071671
 12.072001
 12.121837
 12.122150
 12.123193
 12.123595
 12.124598
 12.124985
 12.125357
 12.184298
 12.186085
 12.186420
 12.189148
 12.190010
 12.190312
 12.245751
 12.248445
 12.250476
 12.251477
 12.252151
 12.254015
 12.259048
 12.260831
 12.262790
 12.271665
 12.271985
 12.272329
 12.321992
 12.326148
 12.326867
 12.331370
 12.331751
 12.331998
 12.387911
 12.388272
 12.391493
 12.391890
 12.392288
 12.394034
 12.449036
 12.449934
 12.450921
 12.451242
 12.451768
 12.453594
 12.510788
 12.511159
 12.512258
 12.512695
 12.513843
 12.514094
 12.520901
 12.521785
 12.522149
 12.575129
 12.575516
 12.575911
 12.576161
 12.636380
 12.636739
 12.637070
 12.639758
 12.640289
 12.640642
 12.697759
 12.698177
 12.701743
 12.702022
 12.702422
 12.703052
 12.759393
 12.760861
 12.761709
 12.765307
 12.765678
 12.766183
 12.824752
 12.825081
 12.825918
 12.826278
 12.827491
 12.827739
 12.838587
 12.841610
 12.841979
 12.901125
 12.901415
 12.902145
 12.906684
 12.907077
 12.907952
 12.962438
 12.963974
 12.966042
 12.970618
 12.971476
 12.972294
 13.027890
 13.028208
 13.029189
 13.031265
 13.032149
 13.032415
 13.090291
 13.090671
 13.091317
 13.092209
 13.150882
 13.151229
 13.152270
 13.152732
 13.153217
 13.153529
 13.171952
 13.172378
 13.174519
 13.228030
 13.228356
 13.229155
 13.229494
 13.229875
 13.230389
 13.293625
 13.294364
 13.295506
 13.295836
 13.296724
 13.297778
 13.353063
 13.353329
 13.353691
 13.355228
 13.355651
 13.356326
 13.419272
 13.419596
 13.420535
 13.420996
 13.421536
 13.421848
 13.450557
 13.454780
 13.458806
 13.513632
 13.515390
 13.515855
 13.516608
 13.518921
 13.519228
 13.572293
 13.572606
 13.573580
 13.573931
 13.574455
 13.574783
 13.637824
 13.638222
 13.639509
 13.640273
 13.641205
 13.641590
 13.641781
 13.700033
 13.701034
 13.702015
 13.702360
 13.702738
 13.704021
 13.760380
 13.760755
 13.761196
 13.761950
 13.762274
 13.762529
 13.771662
 13.772293
 13.772715
 13.824666
 13.825088
 13.825538
 13.826860
 13.829702
 13.830358
 13.886298
 13.886687
 13.887116
 13.887864
 13.888287
 13.888529
 13.947778
 13.948169
 13.949859
 13.950259
 13.950593
 13.951113
 14.010597
 14.010986
 14.011354
 14.011786
 14.012457
 14.012829
 14.026830
 14.027211
 14.027536
 14.073230
 14.074606
 14.074878
 14.134376
 14.134689
 14.135014
 14.135468
 14.136009
 14.136309
 14.198922
 14.199195
 14.199608
 14.200652
 14.201088
 14.202367
 14.262145
 14.262501
 14.262850
 14.263433
 14.263940
 14.264853
 14.325994
 14.326325
 14.326652
 14.329006
 14.329836
 14.330604
 14.331898
 14.334307
 14.334991
 14.336121
 14.336585
 14.337255
 14.343093
 14.343524
 14.345351
 14.403028
 14.403371
 14.403812
 14.404162
 14.406086
 14.406428
 14.465572
 14.465899
 14.466315
 14.468881
 14.469162
 14.529808
 14.530128
 14.530592
 14.530924
 14.531586
 14.531890
 14.590645
 14.591020
 14.592657
 14.594294
 14.594696
 14.595026
 14.609458
 14.609801
 14.610355
 14.668473
 14.673371
 14.676989
 14.677372
 14.677806
 14.679604
 14.730063
 14.732000
 14.732328
 14.736994
 14.740076
 14.740423
 14.791458
 14.792540
 14.792870
 14.794154
 14.794595
 14.795306
 14.797336
 14.797662
 14.798015
 14.857897
 14.858284
 14.863353
 14.863757
 14.864120
 14.865706
 14.875823
 14.876726
 14.877966
 14.878140
 14.878835
 14.932586
 14.932863
 14.933323
 14.933743
 14.934100
 14.934420
 14.994364
 14.995177
 14.996727
 14.997279
 15.000919
 15.001202
 15.064041
 15.064356
 15.066378
 15.066747
 15.067189
 15.067813
 15.121639
 15.122434
 15.125193
 15.125507
 15.126788
 15.127068
 15.184217
 15.184589
 15.184988
 15.187369
 15.187799
 15.188128
 15.193753
 15.194154
 15.194569
 15.245172
 15.246070
 15.246534
 15.246955
 15.247519
 15.247796
 15.307559
 15.307864
 15.308207
 15.308657
 15.309757
 15.310133
 15.390520
 15.390917
 15.392018
 15.392521
 15.396358
 15.396595
 15.447143
 15.448025
 15.448576
 15.449719
 15.513544
 15.518914
 15.519309
 15.519692
 15.523779
 15.525092
 15.528922
 15.531961
 15.534793
 15.588288
 15.588662
 15.588997
 15.592734
 15.593120
 15.593413
 15.593872
 15.599660
 15.600028
 15.650448
 15.653135
 15.653579
 15.653924
 15.654261
 15.654743
 15.716167
 15.716855
 15.717877
 15.719324
 15.719739
 15.720045
 15.776767
 15.778818
 15.779385
 15.779756
 15.784346
 15.784662
 15.790137
 15.793048
 15.793775
 15.840130
 15.841733
 15.843260
 15.900849
 15.901742
 15.902730
 15.903112
 15.903417
 15.963364
 15.963874
 15.964784
 15.966786
 15.967952
 15.968218
 15.968613
 15.969812
 15.970634
 16.027769
 16.028109
 16.028439
 16.030105
 16.035397
 16.035725
 16.089934
 16.090269
 16.090602
 16.091178
 16.092477
 16.093396
 16.101321
 16.102097
 16.102964
 16.154535
 16.158227
 16.160042
 16.212296
 16.212649
 16.214198
 16.214587
 16.214947
 16.215356
 16.282490
 16.284955
 16.288003
 16.292858
 16.293301
 16.294085
 16.339335
 16.339710
 16.340206
 16.340535
 16.341419
 16.341909
 16.342296
 16.342662
 16.343388
 16.353904
 16.354085
 16.417011
 16.417424
 16.420169
 16.420583
 16.421186
 16.421562
 16.481027
 16.481430
 16.483527
 16.483961
 16.484320
 16.484699
 16.542995
 16.543331
 16.543659
 16.544864
 16.545401
 16.545736
 16.546846
 16.547962
 16.549648
 16.604430
 16.604754
 16.606793
 16.607935
 16.608348
 16.609117
 16.665808
 16.666153
 16.666703
 16.667147
 16.668870
 16.669109
 16.674561
 16.674982
 16.675362
 16.727935
 16.728321
 16.729118
 16.732368
 16.733199
 16.733463
 16.795322
 16.796317
 16.796672
 16.797600
 16.798131
 16.798489
 16.856454
 16.857442
 16.863585
 16.863997
 16.919226
 16.919617
 16.920078
 16.920428
 16.922686
 16.923015
 16.978861
 16.979656
 16.985805
 16.986226
 16.989766
 16.989989
 16.994446
 16.994841
 16.996295
 17.058970
 17.060505
 17.062749
 17.063160
 17.064049
 17.064307
 17.120535
 17.123313
 17.125713
 17.126092
 17.126661
 17.127338
 17.182103
 17.182981
 17.183868
 17.184436
 17.184770
 17.185188
 17.243556
 17.243935
 17.244316
 17.244739
 17.248783
 17.253400
 17.262112
 17.263104
 17.265746
 17.322199
 17.323388
 17.323595
 17.323968
 17.324420
 17.324667
 17.388015
 17.388307
 17.389306
 17.391429
 17.449650
 17.450004
 17.451699
 17.452095
 17.452527
 17.453335
 17.514306
 17.514631
 17.516586
 17.517039
 17.517437
 17.519691
 17.572638
 17.573482
 17.573825
 17.576060
 17.576431
 17.577097
 17.587299
 17.587660
 17.588040
 17.636558
 17.637434
 17.637773
 17.697656
 17.703495
 17.705420
 17.706247
 17.706747
 17.707365
 17.759525
 17.759815
 17.760373
 17.760771
 17.765681
 17.765911
 17.827393
 17.827737
 17.831351
 17.831661
 17.832507
 17.886814
 17.887094
 17.887520
 17.887919
 17.888257
 17.888524
 17.948642
 17.948959
 17.949414
 17.949939
 17.950262
 17.950511
 18.010511
 18.011395
 18.012457
 18.013202
 18.013565
 18.014577
 18.072196
 18.072505
 18.072914
 18.079588
 18.082190
 18.082824
 18.137063
 18.137359
 18.137700
 18.138150
 18.138610
 18.139532
 18.199684
 18.199974
 18.202220
 18.202633
 18.202986
 18.203463
 18.263106
 18.264984
 18.266695
 18.267111
 18.268207
 18.268844
 18.276551
 18.278648
 18.278989
 18.340166
 18.341657
 18.342777
 18.343186
 18.343651
 18.344628
 18.344987
 18.345502
 18.401849
 18.402234
 18.402604
 18.405878
 18.406311
 18.406775
 18.467038
 18.467902
 18.468776
 18.469873
 18.470237
 18.470495
 18.527195
 18.527472
 18.531554
 18.531958
 18.532407
 18.532833
 18.549529
 18.549909
 18.550197
 18.605482
 18.605787
 18.606200
 18.607420
 18.607685
 18.607943
 18.666866
 18.667288
 18.667695
 18.668056
 18.668434
 18.668745
 18.730922
 18.734396
 18.739348
 18.740527
 18.740956
 18.742019
 18.790897
 18.791208
 18.791595
 18.792537
 18.792934
 18.793282
 18.858988
 18.860147
 18.860542
 18.861521
 18.862335
 18.862740
 18.863152
 18.863531
 18.863874
 18.873235
 18.874211
 18.875102
 18.973179
 18.974090
 18.975148
 18.976380
 18.976760
 18.977099
 18.977459
 18.977906
 18.978428
 19.029516
 19.031990
 19.032375
 19.032836
 19.033381
 19.033858
 19.088181
 19.088453
 19.090231
 19.092412
 19.092719
 19.093078
 19.115554
 19.115908
 19.116317
 19.170220
 19.170584
 19.170904
 19.171286
 19.171673
 19.172028
 19.230690
 19.234414
 19.235464
 19.235914
 19.236798
 19.237376
 19.291424
 19.291807
 19.292350
 19.292716
 19.293794
 19.294339
 19.355779
 19.356152
 19.359548
 19.361721
 19.362633
 19.363120
 19.416882
 19.417252
 19.417621
 19.418066
 19.419123
 19.422688
 19.432406
 19.432769
 19.433046
 19.493404
 19.493807
 19.494204
 19.495325
 19.496353
 19.496611
 19.558857
 19.559279
 19.560832
 19.563006
 19.563380
 19.563665
 19.618905
 19.619268
 19.623591
 19.624044
 19.624529
 19.624945
 19.684291
 19.685080
 19.686006
 19.686395
 19.686914
 19.687235
 19.745723
 19.748371
 19.749262
 19.749577
 19.806925
 19.807852
 19.809933
 19.811018
 19.812104
 19.812735
 19.869834
 19.870860
 19.871745
 19.872128
 19.872568
 19.873315
 19.932186
 19.932955
 19.933289
 19.933632
 19.934943
 19.935685
 19.996306
 19.996684
 19.997028
 19.998361
 19.999881
 20.000237
 20.058841
 20.059159
 20.062905
 20.063288
 20.065400
 20.066968
 20.078198
 20.078533
 20.078880
 20.134537
 20.134898
 20.137335
 20.137660
 20.139807
 20.140237
 20.199724
 20.200524
 20.200876
 20.201443
 20.202238
 20.202808
 20.261022
 20.261759
 20.262900
 20.263219
 20.263579
 20.263918
 20.264251
 20.265672
 20.323786
 20.324617
 20.326442
 20.327040
 20.328055
 20.330063
 20.340555
 20.340898
 20.341562
 20.403475
 20.403932
 20.404382
 20.405334
 20.405826
 20.406068
 20.407639
 20.408373
 20.408687
 20.462728
 20.463624
 20.464399
 20.464786
 20.465875
 20.466294
 20.528773
 20.533667
 20.534033
 20.534449
 20.535444
 20.540408
 20.594678
 20.595627
 20.595980
 20.596375
 20.600879
 20.602374
 20.610793
 20.613074
 20.613409
 20.667199
 20.667462
 20.670919
 20.671877
 20.676087
 20.676342
 20.729275
 20.729693
 20.730489
 20.730852
 20.731264
 20.791882
 20.794428
 20.795491
 20.795896
 20.796330
 20.796570
 20.863841
 20.864742
 20.865126
 20.865497
 20.866063
 20.868292
 20.869090
 20.870043
 20.873354
 20.921171
 20.921505
 20.921951
 20.923133
 20.925709
 20.926531
 20.939177
 20.939535
 20.939861
 21.001392
 21.001677
 21.002067
 21.007962
 21.011440
 21.011757
 21.058874
 21.059619
 21.059976
 21.060485
 21.060821
 21.064403
 21.065207
 21.067968
 21.068624
 21.118433
 21.119321
 21.121698
 21.124487
 21.124815
 21.126298
 21.183941
 21.184288
 21.184651
 21.190105
 21.193449
 21.193753
 21.195793
 21.243520
 21.244323
 21.244704
 21.308765
 21.309131
 21.309586
 21.310031
 21.313091
 21.313435
 21.370781
 21.371081
 21.371456
 21.374833
 21.375138
 21.376332
 21.432343
 21.433100
 21.436430
 21.436654
 21.437705
 21.438064
 21.438990
 21.439555
 21.439954
 21.494062
 21.494826
 21.496054
 21.497954
 21.498356
 21.498955
 21.515223
 21.516319
 21.516737
 21.572730
 21.573110
 21.575000
 21.575329
 21.575763
 21.576320
 21.637976
 21.638378
 21.638774
 21.643924
 21.645656
 21.645868
 21.698447
 21.698846
 21.699681
 21.700704
 21.701034
 21.701332
 21.759991
 21.761768
 21.762760
 21.764419
 21.766468
 21.766779
 21.780315
 21.780648
 21.781615
 21.837748
 21.838040
 21.838384
 21.838933
 21.843534
 21.845187
 21.902730
 21.903098
 21.905923
 21.906304
 21.906721
 21.907899
 21.963245
 21.963544
 21.964467
 21.964791
 21.965575
 21.965825
 22.028213
 22.028613
 22.029219
 22.030151
 22.030493
 22.030788
 22.089853
 22.092029
 22.092429
 22.092760
 22.093194
 22.093452
 22.102245
 22.102954
 22.108501
 22.108727
 22.155287
 22.156482
 22.157123
 22.213704
 22.214125
 22.215813
 22.219009
 22.219274
 22.219548
 22.274575
 22.276024
 22.276858
 22.277216
 22.279265
 22.279547
 22.279913
 22.280430
 22.281317
 22.340455
 22.340836
 22.344444
 22.345202
 22.346401
 22.346733
 22.354482
 22.354932
 22.355223
 22.415895
 22.416191
 22.416597
 22.417885
 22.418272
 22.418602
 22.481163
 22.483733
 22.484178
 22.485605
 22.485918
 22.486399
 22.544376
 22.544701
 22.545033
 22.545642
 22.546011
 22.547916
 22.605968
 22.606192
 22.606940
 22.607561
 22.607937
 22.608422
 22.610097
 22.611193
 22.611493
 22.619375
 22.620238
 22.621911
 22.683507
 22.683842
 22.684183
 22.684579
 22.684947
 22.685893
 22.743589
 22.744025
 22.744543
 22.744871
 22.748710
 22.750752
 22.808358
 22.808717
 22.814308
 22.814613
 22.814987
 22.815251
 22.872825
 22.873765
 22.874073
 22.876620
 22.876993
 22.877283
 23.001700
 23.002071
 23.002423
 23.002748
 23.003133
 23.006252
 23.006630
 23.008264
 23.009199
 23.013764
 23.014106
 23.014575
 23.079839
 23.080579
 23.080979
 23.082964
 23.084492
 23.087505
 23.139472
 23.139730
 23.140147
 23.140561
 23.141064
 23.141447
 23.197362
 23.197665
 23.198028
 23.198406
 23.203798
 23.204106
 23.258932
 23.259260
 23.259612
 23.261008
 23.266387
 23.266603
 23.268928
 23.269316
 23.269712
 23.323725
 23.324104
 23.324496
 23.324837
 23.325405
 23.325640
 23.387582
 23.387969
 23.388514
 23.389530
 23.393521
 23.393858
 23.449081
 23.449484
 23.449884
 23.450212
 23.451012
 23.451334
 23.509712
 23.510631
 23.516113
 23.517217
 23.517574
 23.517990
 23.529975
 23.530320
 23.531424
 23.589995
 23.590765
 23.591479
 23.591924
 23.592501
 23.593150
 23.651489
 23.651804
 23.652167
 23.652639
 23.653176
 23.653760
 23.716492
 23.717264
 23.717786
 23.718131
 23.718717
 23.719479
 23.779413
 23.782039
 23.783926
 23.784264
 23.784599
 23.785077
 23.785409
 23.785934
 23.786392
 23.795851
 23.796263
 23.796633
 23.855675
 23.856689
 23.857110
 23.857485
 23.858556
 23.859417
 23.920481
 23.920822
 23.921535
 23.921949
 23.922489
 23.922763
 23.981669
 23.982160
 23.983211
 23.983638
 23.983990
 23.985221
 23.989488
 23.990264
 23.990557
 24.040188
 24.041115
 24.041509
 24.041903
 24.042281
 24.042801
 24.051131
 24.051478
 24.051763
 24.078385
 24.078674
 24.083397
 24.094848
 24.095275
 24.095602
 24.149498
 24.149851
 24.150257
 24.151195
 24.151622
 24.152097
 24.216136
 24.216945
 24.218118
 24.218538
 24.218873
 24.219434
 24.276503
 24.276908
 24.277640
 24.278130
 24.278630
 24.278985
 24.338003
 24.338354
 24.341327
 24.341690
 24.342229
 24.342777
 24.350028
 24.350342
 24.371202
 24.399951
 24.400252
 24.400599
 24.465356
 24.469060
 24.469375
 24.469736
 24.472249
 24.528470
 24.528755
 24.529677
 24.530507
 24.530834
 24.531576
 24.586965
 24.587283
 24.587619
 24.592332
 24.592698
 24.592975
 24.654612
 24.654895
 24.655277
 24.660987
 24.661312
 24.661616
 24.670639
 24.675730
 24.676060
 24.731049
 24.731350
 24.731728
 24.732960
 24.736050
 24.737587
 24.739675
 24.739986
 24.744375
 24.794070
 24.794435
 24.794876
 24.795297
 24.796739
 24.797377
 24.853566
 24.853906
 24.854293
 24.855265
 24.856463
 24.856710
 24.918348
 24.922475
 24.924197
 24.924581
 24.924989
 24.926276
 24.948882
 24.949300
 24.954421
 25.010406
 25.012020
 25.014099
 25.018075
 25.018213
 25.074270
 25.074575
 25.079920
 25.080815
 25.082610
 25.082897
 25.138051
 25.138369
 25.139340
 25.139684
 25.140841
 25.142062
 25.199792
 25.200108
 25.202231
 25.202565
 25.202988
 25.203264
 25.261875
 25.262195
 25.266434
 25.267368
 25.268391
 25.268873
 25.278587
 25.282780
 25.283054
 25.338042
 25.340173
 25.341043
 25.346299
 25.346705
 25.346993
 25.347451
 25.348002
 25.351596
 25.402517
 25.403485
 25.404650
 25.405019
 25.406585
 25.407259
 25.410680
 25.410960
 25.411358
 25.464616
 25.465035
 25.465403
 25.465809
 25.466214
 25.466473
 25.525508
 25.526273
 25.526616
 25.529039
 25.529476
 25.529724
 25.530081
 25.530443
 25.532400
 25.541671
 25.543418
 25.543796
 25.545776
 25.549087
 25.549524
 25.602577
 25.602976
 25.603347
 25.603896
 25.604254
 25.604736
 25.668048
 25.669023
 25.669602
 25.674259
 25.674706
 25.675002
 25.730176
 25.730322
 25.730633
 25.730988
 25.731490
 25.731905
 25.741072
 25.741423
 25.741750
 25.790023
 25.790367
 25.791381
 25.792551
 25.792955
 25.793444
 25.855626
 25.855975
 25.858824
 25.859933
 25.862787
 25.863451
 25.918413
 25.919142
 25.919598
 25.920812
 25.921347
 25.921694
 25.922299
 25.922705
 25.923071
 25.980153
 25.980541
 25.980976
 25.984584
 25.985040
 25.985342
 26.041422
 26.042676
 26.043097
 26.043629
 26.044786
 26.045268
 26.050323
 26.050773
 26.053536
 26.103562
 26.104505
 26.107444
 26.108063
 26.108454
 26.108755
 26.165234
 26.166201
 26.166616
 26.168837
 26.171843
 26.172122
 26.230925
 26.231220
 26.231731
 26.237333
 26.238138
 26.292424
 26.292729
 26.293131
 26.293465
 26.299096
 26.299947
 26.308445
 26.308785
 26.313515
 26.314598
 26.315023
 26.315351
 26.368891
 26.369721
 26.370978
 26.371403
 26.372558
 26.373181
 26.438031
 26.438411
 26.438799
 26.439262
 26.441101
 26.442110
 26.495742
 26.498581
 26.499616
 26.500011
 26.500481
 26.501013
 26.556656
 26.557045
 26.558983
 26.559347
 26.559753
 26.560192
 26.568195
 26.568511
 26.568902
 26.621596
 26.622553
 26.624180
 26.624569
 26.625273
 26.625504
 26.682626
 26.682945
 26.687841
 26.688675
 26.689008
 26.689803
 26.689993
 26.748342
 26.748713
 26.749908
 26.750337
 26.751278
 26.751915
 26.808660
 26.809022
 26.809455
 26.810014
 26.810368
 26.811476
 26.870089
 26.870455
 26.870815
 26.871329
 26.872672
 26.874085
 26.880449
 26.881283
 26.881609
 26.974198
 26.975050
 26.975419
 26.975818
 26.976270
 26.976685
 27.031427
 27.031756
 27.033223
 27.033754
 27.034784
 27.035028
 27.088335
 27.088629
 27.089332
 27.089738
 27.090653
 27.091750
 27.151815
 27.152215
 27.153218
 27.154311
 27.154688
 27.154851
 27.155254
 27.155786
 27.156132
 27.156581
 27.157511
 27.157801
 27.163060
 27.163409
 27.163764
 27.168090
 27.168424
 27.168762
 27.185555
 27.185843
 27.186198
 27.245487
 27.246370
 27.246804
 27.247682
 27.248087
 27.248937
 27.307770
 27.308123
 27.308572
 27.309118
 27.309476
 27.309870
 27.368154
 27.370524
 27.370983
 27.372037
 27.372420
 27.374318
 27.386027
 27.386319
 27.386709
 27.446964
 27.447391
 27.447828
 27.448244
 27.448612
 27.448869
 27.512103
 27.513622
 27.513996
 27.514355
 27.514767
 27.515208
 27.572140
 27.572495
 27.572946
 27.573602
 27.636702
 27.637034
 27.637598
 27.639694
 27.640138
 27.640434
 27.698201
 27.701674
 27.702035
 27.702387
 27.704064
 27.705175
 27.765128
 27.766672
 27.767701
 27.768025
 27.768542
 27.768817
 27.778859
 27.779141
 27.779466
 27.839302
 27.839620
 27.839969
 27.840522
 27.840882
 27.841140
 27.900736
 27.903861
 27.904249
 27.904591
 27.905104
 27.905417
 27.962363
 27.962771
 27.963232
 27.968746
 27.971687
 27.973889
 28.027704
 28.028095
 28.029908
 28.030318
 28.030836
 28.031117
 28.039933
 28.040214
 28.040571
 28.110241
 28.111107
 28.111442
 28.114414
 28.114848
 28.115209
 28.167247
 28.167635
 28.168039
 28.168558
 28.169008
 28.169275
 28.169641
 28.169985
 28.170566
 28.228408
 28.229200
 28.229608
 28.229981
 28.230369
 28.231166
 28.290519
 28.291484
 28.291809
 28.292182
 28.292619
 28.292969
 28.301508
 28.301905
 28.303037
 28.354412
 28.354781
 28.355695
 28.359726
 28.360099
 28.360339
 28.417173
 28.417507
 28.420932
 28.423723
 28.424115
 28.424823
 28.478477
 28.479336
 28.479723
 28.480279
 28.481557
 28.481866
 28.541132
 28.543863
 28.544270
 28.544815
 28.545070
 28.603209
 28.604587
 28.606217
 28.607955
 28.608518
 28.608785
 28.616628
 28.617095
 28.617479
 28.617992
 28.621023
 28.621317
 28.666524
 28.666939
 28.667360
 28.727678
 28.728052
 28.728497
 28.729337
 28.729809
 28.730084
 28.793315
 28.793662
 28.794038
 28.794462
 28.794906
 28.795304
 28.854443
 28.855582
 28.856009
 28.856389
 28.856758
 28.857229
 28.870368
 28.871144
 28.871888
 28.920447
 28.921191
 28.921577
 28.923748
 28.925538
 28.926019
 28.980642
 28.980954
 28.981884
 28.982263
 28.990207
 28.990850
 29.047947
 29.049354
 29.049707
 29.050811
 29.051316
 29.051814
 29.104388
 29.105271
 29.105732
 29.106264
 29.106705
 29.106936
 29.166346
 29.166733
 29.167104
 29.167984
 29.168308
 29.168674
 29.178040
 29.178366
 29.178736
 29.231003
 29.233225
 29.233654
 29.234074
 29.234392
 29.234838
 29.292666
 29.293045
 29.293379
 29.293715
 29.294608
 29.295051
 29.353834
 29.354195
 29.354565
 29.354989
 29.355341
 29.355767
 29.415118
 29.415378
 29.416565
 29.416869
 29.417114
 29.418373
 29.418702
 29.419788
 29.429827
 29.430256
 29.430552
 29.479417
 29.480171
 29.480459
 29.541377
 29.542867
 29.543255
 29.543810
 29.544372
 29.544811
 29.603286
 29.604054
 29.605776
 29.606163
 29.606516
 29.606801
 29.665651
 29.666015
 29.666320
 29.666702
 29.667071
 29.667435
 29.730724
 29.731134
 29.731514
 29.731895
 29.737230
 29.737454
 29.751862
 29.752264
 29.752590
 29.809151
 29.809468
 29.810063
 29.810512
 29.810955
 29.811345
 29.870956
 29.871339
 29.872377
 29.872726
 29.874510
 29.875390
 29.933470
 29.934287
 29.934800
 29.935094
 29.994994
 29.995363
 29.995733
 29.996968
 29.997770
 29.998116
 30.007766
 30.008916
 30.009682
 30.058500
 30.059966
 30.060437
 30.062304
 30.062739
 30.063107
 30.070366
 30.070781
 30.071127
 30.119938
 30.120778
 30.121184
 30.121630
 30.122922
 30.123261
 30.183250
 30.183547
 30.183883
 30.185543
 30.187213
 30.187576
 30.189231
 30.189684
 30.191461
 30.245517
 30.246336
 30.246674
 30.247098
 30.249230
 30.249472
 30.308497
 30.309629
 30.310814
 30.312016
 30.312551
 30.313118
 30.321075
 30.321417
 30.321770
 30.370675
 30.370969
 30.371331
 30.371669
 30.371837
 30.431487
 30.431887
 30.432253
 30.432630
 30.434526
 30.435004
 30.493009
 30.493391
 30.493731
 30.494833
 30.495167
 30.495612
 30.496021
 30.497078
 30.497590
 30.559234
 30.560206
 30.562379
 30.563244
 30.564322
 30.564892
 30.577099
 30.577399
 30.577808
 30.633701
 30.634001
 30.634462
 30.635419
 30.636019
 30.636259
 30.696326
 30.697444
 30.697853
 30.698178
 30.698741
 30.699013
 30.758640
 30.758943
 30.759379
 30.759699
 30.821155
 30.821420
 30.822264
 30.822625
 30.823240
 30.823606
 30.883637
 30.883892
 30.884687
 30.885098
 30.887250
 30.887583
 30.898236
 30.899221
 30.899629
 31.003403
 31.003740
 31.004155
 31.004564
 31.004896
 31.005276
 31.007008
 31.007567
 31.007768
 31.057668
 31.058028
 31.058591
 31.059035
 31.059358
 31.059600
 31.117997
 31.118312
 31.118662
 31.119282
 31.119819
 31.120139
 31.183460
 31.183838
 31.184270
 31.185384
 31.187568
 31.187617
 31.195603
 31.197418
 31.197715
 31.244914
 31.245266
 31.245546
 31.246326
 31.246656
 31.247437
 31.308927
 31.309264
 31.310483
 31.310825
 31.311267
 31.311745
 31.372397
 31.372758
 31.373094
 31.373448
 31.373794
 31.374087
 31.433399
 31.434218
 31.434554
 31.434989
 31.435402
 31.437072
 31.494873
 31.495260
 31.496103
 31.497179
 31.498515
 31.499351
 31.511235
 31.511532
 31.511902
 31.577007
 31.577329
 31.577710
 31.578888
 31.579265
 31.579535
 31.634140
 31.634515
 31.634848
 31.635683
 31.636060
 31.636427
 31.699000
 31.699333
 31.700409
 31.700763
 31.701300
 31.701561
 31.761094
 31.762080
 31.763309
 31.764380
 31.764638
 31.822688
 31.823018
 31.823353
 31.823698
 31.824692
 31.825274
 31.833138
 31.833440
 31.833758
 31.887024
 31.887336
 31.887796
 31.888700
 31.889975
 31.890231
 31.948311
 31.949181
 31.952820
 31.953649
 31.954756
 31.955090
 32.009583
 32.010134
 32.010393
 32.010860
 32.011948
 32.012290
 32.071029
 32.072039
 32.072589
 32.072917
 32.073244
 32.073512
 32.082878
 32.083271
 32.083671
 32.136502
 32.136854
 32.137759
 32.139238
 32.139795
 32.140114
 32.198466
 32.198843
 32.199236
 32.199627
 32.199962
 32.200239
 32.259464
 32.259781
 32.262269
 32.262598
 32.262942
 32.263181
 32.323118
 32.323480
 32.323814
 32.324324
 32.324741
 32.325134
 32.386454
 32.386774
 32.387235
 32.389168
 32.390231
 32.390949
 32.396362
 32.397309
 32.398462
 32.446466
 32.447944
 32.448732
 32.511974
 32.512284
 32.512736
 32.513280
 32.513670
 32.516967
 32.572983
 32.573743
 32.574165
 32.574974
 32.575333
 32.576136
 32.634526
 32.634839
 32.635263
 32.635681
 32.636092
 32.636817
 32.699086
 32.699439
 32.699994
 32.701114
 32.702234
 32.702598
 32.711233
 32.711463
 32.759601
 32.759972
 32.760263
 32.825104
 32.825415
 32.825981
 32.827964
 32.828364
 32.828660
 32.885550
 32.885927
 32.886316
 32.886852
 32.887341
 32.887584
 32.947595
 32.947960
 32.948792
 32.949216
 32.951503
 32.951869
 33.008528
 33.008932
 33.009374
 33.009909
 33.010489
 33.010782
 33.026403
 33.026713
 33.027306
 33.086694
 33.087077
 33.087459
 33.087873
 33.088214
 33.088555
 33.152913
 33.153244
 33.153807
 33.154121
 33.155275
 33.155555
 33.214691
 33.214999
 33.215387
 33.215808
 33.216127
 33.217122
 33.275929
 33.276322
 33.276666
 33.277780
 33.278354
 33.278698
 33.279294
 33.311375
 33.311641
 33.312250
 33.326460
 33.326785
 33.327138
 33.330199
 33.330502
 33.330865
 33.384087
 33.384446
 33.384844
 33.385408
 33.385741
 33.386028
 33.448959
 33.449334
 33.450399
 33.450780
 33.451874
 33.452150
 33.510985
 33.511386
 33.511745
 33.512101
 33.512636
 33.513099
 33.572473
 33.573226
 33.573595
 33.574057
 33.574667
 33.574922
 33.599510
 33.599798
 33.600849
 33.651083
 33.651815
 33.652245
 33.652604
 33.652963
 33.653432
 33.714561
 33.714957
 33.715308
 33.715703
 33.716103
 33.716845
 33.776665
 33.778228
 33.778594
 33.779718
 33.780046
 33.780504
 33.837590
 33.837993
 33.839699
 33.840127
 33.840498
 33.840743
 33.841933
 33.842374
 33.842948
 33.856171
 33.856979
 33.857303
 33.916697
 33.916973
 33.917384
 33.917728
 33.918773
 33.919226
 33.978236
 33.978550
 33.978883
 33.979264
 33.979631
 33.980152
 34.040024
 34.040725
 34.041100
 34.041460
 34.041855
 34.042148
 34.105153
 34.105436
 34.105817
 34.107125
 34.107484
 34.107839
 34.167522
 34.167839
 34.168175
 34.168621
 34.168973
 34.169479
 34.169643
 34.178809
 34.179121
 34.179447
 34.230351
 34.231364
 34.231725
 34.293292
 34.293676
 34.294796
 34.295382
 34.295813
 34.296178
 34.355229
 34.356109
 34.356626
 34.356949
 34.357397
 34.358018
 34.415893
 34.416256
 34.417002
 34.417400
 34.417871
 34.418030
 34.477273
 34.478058
 34.478434
 34.478859
 34.479193
 34.479503
 34.493747
 34.494006
 34.494319
 34.555374
 34.556198
 34.556557
 34.556952
 34.557279
 34.557628
 34.618857
 34.619219
 34.619548
 34.619884
 34.686195
 34.686997
 34.688167
 34.688577
 34.688999
 34.689250
 34.689599
 34.689941
 34.690267
 34.747168
 34.747574
 34.748031
 34.749665
 34.750028
 34.750684
 34.759671
 34.760005
 34.760385
 34.760779
 34.761884
 34.762218
 34.823009
 34.823335
 34.824280
 34.824635
 34.825620
 34.826103
 34.826455
 34.826860
 34.827259
 34.888480
 34.888842
 34.889196
 34.889623
 34.890168
 34.890525
 34.982911
 34.983171
 34.983545
 34.984117
 34.984629
 34.986324
 34.986741
 34.987084
 34.987467
 35.001822
 35.002144
 35.002512
 35.002682
 35.063208
 35.063497
 35.064247
 35.064699
 35.065026
 35.065733
 35.066155
 35.067340
 35.067719
 35.119752
 35.120155
 35.120559
 35.121796
 35.122603
 35.122901
 35.124207
 35.125076
 35.125374
 35.182067
 35.182474
 35.183341
 35.184377
 35.184700
 35.185148
 35.247153
 35.247427
 35.248145
 35.248489
 35.248899
 35.249485
 35.256190
 35.256544
 35.256958
 35.306780
 35.307090
 35.307433
 35.371781
 35.372652
 35.372980
 35.373306
 35.374636
 35.374975
 35.432233
 35.432602
 35.432931
 35.433286
 35.434130
 35.434559
 35.495101
 35.495409
 35.496576
 35.496943
 35.499132
 35.499700
 35.500192
 35.557813
 35.558907
 35.559287
 35.559693
 35.560111
 35.560622
 35.605757
 35.606707
 35.607090
 35.666640
 35.666917
 35.671962
 35.672413
 35.672828
 35.673104
 35.731334
 35.732362
 35.732793
 35.733673
 35.734035
 35.734284
 35.792865
 35.793735
 35.794098
 35.794683
 35.795244
 35.795592
 35.862135
 35.862589
 35.862779
 35.863728
 35.864147
 35.864495
 35.865290
 35.865667
 35.865989
 35.874283
 35.874576
 35.874975
 35.930699
 35.931049
 35.931455
 35.931820
 35.932146
 35.933000
 35.996136
 35.996512
 35.996917
 35.997262
 35.997589
 35.998150
 35.998616
 36.057272
 36.057626
 36.058187
 36.058554
 36.059147
 36.059492
 36.063153
 36.063592
 36.064377
 36.132198
 36.132479
 36.132916
 36.133292
 36.134108
 36.134348
 36.135632
 36.136881
 36.137269
 36.137734
 36.138072
 36.138412
 36.162004
 36.162405
 36.163398
 36.213652
 36.213936
 36.214779
 36.215212
 36.215736
 36.216003
 36.276162
 36.276532
 36.277074
 36.277482
 36.278156
 36.278439
 36.339491
 36.339764
 36.340326
 36.341272
 36.341688
 36.341930
 36.354856
 36.355101
 36.359053
 36.359299
 36.360316
 36.360693
 36.361180
 36.389384
 36.390204
 36.390522
 36.401706
 36.403609
 36.403933
 36.410432
 36.411262
 36.413175
 36.463994
 36.464378
 36.464775
 36.465313
 36.465776
 36.466203
 36.526672
 36.527020
 36.527426
 36.527789
 36.528135
 36.528578
 36.590497
 36.591514
 36.591871
 36.593381
 36.593771
 36.594011
 36.601785
 36.602106
 36.602424
 36.651786
 36.652190
 36.652542
 36.711719
 36.711984
 36.713622
 36.714074
 36.714551
 36.715190
 36.777269
 36.777563
 36.778118
 36.780409
 36.839122
 36.839531
 36.839951
 36.840351
 36.840686
 36.840925
 36.903960
 36.904722
 36.905065
 36.905781
 36.906223
 36.907249
 36.920877
 36.921263
 36.921654
 36.981640
 36.982001
 36.982336
 36.982663
 36.983213
 36.983532
 36.984099
 36.984605
 36.984913
 37.042996
 37.043282
 37.044814
 37.045155
 37.045496
 37.045827
 37.104065
 37.104352
 37.105483
 37.105917
 37.106434
 37.106798
 37.165638
 37.166613
 37.167321
 37.170670
 37.171067
 37.171368
 37.180011
 37.180850
 37.181208
 37.229204
 37.230226
 37.230604
 37.291277
 37.291418
 39.880345
 39.881368
 42.775591
 42.776410
 42.783217
 42.783579
 42.784721
 42.785865
 42.786252
 42.788439
 42.788782
 42.789236
 42.789576
 42.790184
 42.790750
 42.791139
 42.792361
 42.792757
 42.793086
 42.798047
 42.798944
 42.800592
 42.804619
 42.805315
 42.805708
 42.806076
 42.806537
 42.809859
 42.810852
 42.811197
 42.811735
 42.812381
 42.816254
 42.816659
 42.820467
 42.820756
 42.821703
 42.822310
 42.822667
 42.824755
 42.831394
 42.832181
 42.832563
 42.833465
 42.833977
 42.835034
 42.836038
 42.836339
 42.836785
 42.837218
 42.838198
 42.838582
 42.839727
 42.842399
 42.842835
 42.843188
 42.843558
 42.844004
 42.845660
 42.846395
 42.846731
 42.847093
 42.848135
 42.849144
 42.850005
 42.850882
 42.851814
 42.852904
 42.857967
 42.858688
 42.859063
 42.859402
 43.153653
 43.163216
 43.164568
 43.172098
 43.172445
 43.172824
 43.182245
 43.182620
 43.182959
 43.190170
 43.190630
 43.192087
 43.192412
 43.193274
 43.193670
 43.194165
 43.201569
 43.201939
 43.202738
 43.203660
 43.204246
 43.206093
 43.206414
 43.207147
 43.208110
 43.209293
 43.212468
 43.213401
 43.213925
 43.214393
 43.216070
 43.217524
 43.218544
 43.219836
 43.220212
 43.221225
 43.222575
 43.222905
 43.223348
 43.224214
 43.225166
 43.226317
 43.226640
 43.227737
 43.228085
 43.232833
 43.233210
 43.234659
 43.234987
 43.235429
 43.235907
 43.236313
 43.238292
 43.238630
 43.239111
 43.241076
 43.241518
 43.242170
 43.242790
 43.248078
 43.248489
 43.248886
 43.249310
 43.249637
 43.250589
 43.250997
 43.251580
 43.251932
 43.252344
 43.252759
 43.253113
 43.253444
 43.253820
 43.261600
 43.261968
 43.262391
 43.263145
 43.263712
 43.264197
 43.265009
 43.265345
 43.269056
 43.270544
 43.271642
 43.272722
 43.273737
 43.274082
 43.274450
 43.275261
 43.275859
 43.276193
 43.276599
 43.278565
 43.280633
 43.280970
 43.281314
 43.281798
 43.282615
 43.283093
 43.283686
 43.284136
 43.285122
 43.286418
 43.287412
 43.287810
 43.289677
 43.290067
 43.290528
 43.290928
 43.292782
 43.293194
 43.293868
 43.294315
 43.295575
 43.296558
 43.302310
 43.302686
 43.303039
 43.306887
 43.307315
 43.308412
 43.311587
 43.312014
 43.312999
 43.313416
 43.314647
 43.316981
 43.317378
 43.318178
 43.332901
 43.333674
 43.334087
 43.384085
 43.384392
 43.384719
 43.385135
 43.385506
 43.386075
 43.493860
 43.494184
 43.495015
 43.495373
 43.496076
 43.496434
 43.497386
 43.499731
 43.500994
 43.557035
 43.557360
 43.557754
 43.558100
 43.558786
 43.559145
 43.724715
 43.726228
 43.726666
 43.728381
 43.729365
 43.730582
 43.730961
 43.732025
 43.732358
 43.732876
 43.733272
 43.734345
 43.734775
 43.735761
 43.736076
 43.738144
 43.740720
 43.741081
 43.741909
 43.742613
 43.742969
 43.743787
 43.744140
 43.744439
 43.791695
 43.791984
 43.792417
 43.792797
 43.793337
 43.793676
 43.858633
 43.859990
 43.860320
 43.861921
 43.862330
 43.862605
 43.863020
 43.863346
 43.863870
 43.873131
 43.873872
 43.874174
 43.935007
 43.935392
 43.935720
 43.936156
 43.937189
 43.937804
 44.000351
 44.000689
 44.001149
 44.001484
 44.001978
 44.002335
 44.056877
 44.057205
 44.057992
 44.058231
 44.118596
 44.119388
 44.120166
 44.120672
 44.121051
 44.121361
 44.326599
 44.327503
 44.328342
 44.328759
 44.330859
 44.331170
 44.331569
 44.331966
 44.335580
 44.336601
 44.337518
 44.338031
 44.338396
 44.339540
 44.339964
 44.340426
 44.341261
 44.343640
 44.343982
 44.345756
 44.346074
 44.398741
 44.399432
 44.399857
 44.400251
 44.400901
 44.401232
 44.464108
 44.469377
 44.470272
 44.470624
 44.471663
 44.472553
 44.526384
 44.528007
 44.528347
 44.529069
 44.529393
 44.529723
 44.588312
 44.588709
 44.589766
 44.590291
 44.590571
 44.591004
 44.649523
 44.652930
 44.653761
 44.654671
 44.655082
 44.655645
 44.714152
 44.715927
 44.716325
 44.717095
 44.718197
 44.719340
 44.927812
 44.928819
 44.929178
 44.929627
 44.932001
 44.932547
 44.932917
 44.933267
 44.933641
 44.934634
 44.934968
 44.935290
 44.935632
 44.936243
 44.937313
 44.937695
 44.942790
 44.943122
 44.955424
 44.956218
 44.956549
 45.015569
 45.016558
 45.016902
 45.017354
 45.022097
 45.022449
 45.073837
 45.075485
 45.075883
 45.079133
 45.079525
 45.082235
 45.082622
 45.083049
 45.083391
 45.091606
 45.092921
 45.095586
 45.155573
 45.155855
 45.156693
 45.157494
 45.160802
 45.161192
 45.161370
 45.161758
 45.162091
 45.162803
 45.212059
 45.213627
 45.214062
 45.215381
 45.216279
 45.216527
 45.274115
 45.275123
 45.276970
 45.277292
 45.277872
 45.278187
 45.339087
 45.339782
 45.340232
 45.340605
 45.340946
 45.341382
 45.352185
 45.352668
 45.352960
 45.529731
 45.530562
 45.532494
 45.532821
 45.533334
 45.533493
 45.535668
 45.536010
 45.536378
 45.536811
 45.537486
 45.538189
 45.541877
 45.542835
 45.543214
 45.544236
 45.545257
 45.545541
 45.603745
 45.604696
 45.605067
 45.605520
 45.607997
 45.608452
 45.666260
 45.667126
 45.667850
 45.668167
 45.671913
 45.672228
 45.681024
 45.681450
 45.682501
 45.682860
 45.683266
 45.683785
 45.730270
 45.730613
 45.731031
 45.790418
 45.791337
 45.791652
 45.795609
 45.796537
 45.796891
 45.853806
 45.854372
 45.856244
 45.857481
 45.859091
 45.859371
 45.915691
 45.916001
 45.916329
 45.916641
 45.917061
 45.917432
 46.131612
 46.131895
 46.133016
 46.133462
 46.134102
 46.135218
 46.137231
 46.141124
 46.143516
 46.143907
 46.144667
 46.146091
 46.146561
 46.147008
 46.148875
 46.149185
 46.150211
 46.151347
 46.151762
 46.198233
 46.199273
 46.199686
 46.201559
 46.201950
 46.202912
 46.203268
 46.204311
 46.205220
 46.260421
 46.262205
 46.263894
 46.265038
 46.272672
 46.272925
 46.280863
 46.281219
 46.281575
 46.336131
 46.336468
 46.336869
 46.337192
 46.337634
 46.338084
 46.402055
 46.403062
 46.403397
 46.403744
 46.404166
 46.405920
 46.465422
 46.468342
 46.468665
 46.469053
 46.469460
 46.470956
 46.526638
 46.527033
 46.529204
 46.529649
 46.531262
 46.531530
 46.734439
 46.735213
 46.735599
 46.735954
 46.736378
 46.736795
 46.737201
 46.737481
 46.737835
 46.738783
 46.739227
 46.739655
 46.741404
 46.741965
 46.744951
 46.745324
 46.745728
 46.746138
 46.746426
 46.759399
 46.759733
 46.760060
 46.760471
 46.761293
 46.761778
 46.810250
 46.810642
 46.815934
 46.821539
 46.821948
 46.822258
 46.870237
 46.870532
 46.870894
 46.875504
 46.875853
 46.876204
 46.886497
 46.887846
 46.888932
 46.949026
 46.949350
 46.950410
 46.951142
 46.951862
 46.952697
 47.010706
 47.013712
 47.015173
 47.015554
 47.015935
 47.016173
 47.070487
 47.070802
 47.071181
 47.071717
 47.078241
 47.078414
 47.136306
 47.136694
 47.137835
 47.138412
 47.138457
 47.337825
 47.338236
 47.338670
 47.339153
 47.343101
 47.343347
 47.343812
 47.345885
 47.346287
 47.352287
 47.353937
 47.354249
 47.355388
 47.357307
 47.358183
 47.363143
 47.363494
 47.364367
 47.365275
 47.366456
 47.366773
 47.367893
 47.368696
 47.369012
 47.416361
 47.417090
 47.418912
 47.419356
 47.420276
 47.420570
 47.506083
 47.507027
 47.509898
 47.511268
 47.511575
 47.511830
 47.513615
 47.514524
 47.514888
 47.523735
 47.524093
 47.525263
 47.570464
 47.571279
 47.572287
 47.635935
 47.636221
 47.636650
 47.638705
 47.639052
 47.644892
 47.645188
 47.645736
 47.646080
 47.646414
 47.697567
 47.697991
 47.698867
 47.699331
 47.699831
 47.701766
 47.761112
 47.761440
 47.762009
 47.762393
 47.762756
 47.763011
 47.770388
 47.770836
 47.771243
 47.938058
 47.938358
 47.938686
 47.939085
 47.939515
 47.940016
 47.941095
 47.941499
 47.941858
 47.942232
 47.942773
 47.943242
 47.946075
 47.946512
 47.947608
 47.948914
 47.949864
 47.950329
 48.011383
 48.011697
 48.012086
 48.012522
 48.012901
 48.013697
 48.024756
 48.025180
 48.025463
 48.089085
 48.089384
 48.090892
 48.091755
 48.092194
 48.092562
 48.148701
 48.149655
 48.149990
 48.150359
 48.150764
 48.150999
 48.213948
 48.214641
 48.215027
 48.215397
 48.215739
 48.217520
 48.275939
 48.278233
 48.278566
 48.278986
 48.279550
 48.279901
 48.337128
 48.337437
 48.337806
 48.339011
 48.339795
 48.340052
 48.347640
 48.348052
 48.348713
 48.439273
 48.439637
 48.441183
 48.441505
 48.442040
 48.442600
 48.462987
 48.463383
 48.463835
 48.466129
 48.466723
 48.525485
 48.525893
 48.526318
 48.526761
 48.527326
 48.527591
 48.588196
 48.588483
 48.589677
 48.590031
 48.590414
 48.590931
 48.651683
 48.651987
 48.654905
 48.656799
 48.657582
 48.659168
 48.660171
 48.660534
 48.660887
 48.677391
 48.677766
 48.678842
 48.727159
 48.727467
 48.728921
 48.792145
 48.793075
 48.793483
 48.795788
 48.796534
 48.797190
 48.797767
 48.798093
 48.798395
 48.853619
 48.854429
 48.854781
 48.855234
 48.856233
 48.857080
 48.941383
 48.941661
 48.942530
 48.944377
 48.944780
 48.946411
 48.946771
 48.949562
 48.950485
 48.957974
 48.958312
 48.958700
 48.959072
 48.959345
 48.962212
 48.963294
 48.964279
 49.013296
 49.013604
 49.013931
 49.015122
 49.015583
 49.015867
 49.073125
 49.073471
 49.074309
 49.074747
 49.077658
 49.077990
 49.134556
 49.135549
 49.135990
 49.136368
 49.136857
 49.137104
 49.144921
 49.145718
 49.146514
 49.198803
 49.199124
 49.200918
 49.201368
 49.202071
 49.202354
 49.261180
 49.262083
 49.262525
 49.263046
 49.263699
 49.264026
 49.322172
 49.322543
 49.323072
 49.323411
 49.323753
 49.324092
 49.382912
 49.383240
 49.384755
 49.385108
 49.385588
 54.473778
 54.475655
 54.478611
 54.478953
 54.479279
 54.479770
 54.480625
 54.481885
 54.482054
 54.482526
 54.482861
 54.483648
 54.484076
 54.484355
 54.484718
 54.485060
 54.485424
 54.485811
 54.487761
 54.488552
 54.489934
 54.490285
 54.491786
 54.492729
 54.493450
 54.493784
 54.494146
 54.494508
 54.500841
 54.503217
 54.504025
 54.504562
 54.504886
 54.505727
 54.506084
 54.508422
 54.509142
 54.509487
 54.509822
 54.510175
 54.510517
 54.513919
 54.516167
 54.516495
 54.516878
 54.518471
 54.518820
 54.519145
 54.520926
 54.521406
 54.522152
 54.522196
 54.522935
 54.528155
 54.528922
 54.529692
 54.530088
 54.530661
 54.531006
 54.531365
 54.533637
 54.533984
 54.534460
 54.534848
 54.535201
 54.535561
 54.536068
 54.536391
 54.536765
 54.537093
 54.539535
 54.539862
 54.540252
 54.546086
 54.547501
 54.547844
 54.550616
 54.552360
 54.553123
 54.554899
 54.555277
 54.556101
 54.556410
 54.556784
 54.557171
 54.558260
 54.559162
 54.560685
 54.563765
 54.564081
 54.564414
 54.568097
 54.568472
 54.568852
 54.569641
 54.570382
 54.571220
 54.571544
 54.573169
 54.574448
 54.574785
 54.575166
 54.575515
 54.578103
 54.578463
 54.578816
 54.579308
 54.579633
 54.581250
 54.581577
 54.583328
 54.584871
 54.586397
 54.586758
 54.587100
 54.587470
 54.587823
 54.588197
 54.588520
 54.590135
 54.591439
 54.591814
 54.592672
 54.593017
 54.600282
 54.600614
 54.600970
 54.601745
 54.602609
 54.603421
 54.603891
 54.612506
 54.612841
 54.613175
 54.613969
 54.614446
 54.614844
 54.615194
 54.616257
 54.617114
 54.617863
 54.621887
 54.624538
 54.625116
 54.625834
 54.626221
 54.627044
 54.666298
 54.669573
 54.669857
 54.670219
 54.670561
 54.670832
 54.680406
 54.681262
 54.681541
 54.742451
 54.742798
 54.743141
 54.744655
 54.745026
 54.748982
 54.807037
 54.811011
 54.812344
 54.812667
 54.814254
 54.814520
 54.815058
 54.815399
 54.815707
 54.870866
 54.872379
 54.873920
 54.876597
 54.877320
 54.877615
 55.060106
 55.060390
 55.060752
 55.064717
 55.067103
 55.067377
 55.068163
 55.068506
 55.069208
 55.070067
 55.070801
 55.071508
 55.072076
 55.072403
 55.072758
 55.073534
 55.077295
 55.078205
 55.078489
 55.086856
 55.087218
 55.093444
 55.150381
 55.150717
 55.151488
 55.151837
 55.152226
 55.152509
 55.216033
 55.216293
 55.217830
 55.220135
 55.220522
 55.221812
 55.276243
 55.276554
 55.277412
 55.281177
 55.281981
 55.282277
 55.286847
 55.287219
 55.287554
 55.336257
 55.336600
 55.340650
 55.404469
 55.404822
 55.409133
 55.410096
 55.410614
 55.411063
 55.411268
 55.662272
 55.666383
 55.668253
 55.669129
 55.669620
 55.670074
 55.670435
 55.676844
 55.677494
 55.677902
 55.678375
 55.678870
 55.680712
 55.681081
 55.683220
 55.685726
 55.687625
 55.689067
 55.692066
 55.693219
 55.693610
 55.694331
 55.694889
 55.696687
 55.697110
 55.697649
 55.697918
 55.700433
 55.702440
 55.703242
 55.704829
 55.706044
 55.706637
 55.760704
 55.762696
 55.763092
 55.764046
 55.765023
 55.765270
 55.826550
 55.829433
 55.830320
 55.833345
 55.833780
 55.834127
 55.853648
 55.853996
 55.854362
 55.904866
 55.905277
 55.905626
 55.906428
 55.906543
 55.907392
 55.908452
 55.910043
 55.911639
 55.965050
 55.965419
 55.965763
 55.967738
 55.969681
 55.970000
 56.029549
 56.030014
 56.030345
 56.031089
 56.032587
 56.032835
 56.034864
 56.035277
 56.037449
 56.088715
 56.088976
 56.094874
 56.095271
 56.099904
 56.100747
 56.263947
 56.264900
 56.265712
 56.266121
 56.266449
 56.272116
 56.274154
 56.275563
 56.277827
 56.278164
 56.279163
 56.280103
 56.281046
 56.284359
 56.285012
 56.286051
 56.286349
 56.291883
 56.292179
 56.292570
 56.292939
 56.293328
 56.294231
 56.354017
 56.354315
 56.354669
 56.357289
 56.360672
 56.361021
 56.371764
 56.372100
 56.373731
 56.429633
 56.432673
 56.433022
 56.433675
 56.434090
 56.434337
 56.497316
 56.501352
 56.505362
 56.508054
 56.508519
 56.510680
 56.556454
 56.556776
 56.557126
 56.562268
 56.565556
 56.565872
 56.566311
 56.566832
 56.567298
 56.620243
 56.621176
 56.623327
 56.627818
 56.629557
 56.630215
 56.668438
 56.668874
 56.670524
 56.865852
 56.866798
 56.867148
 56.867556
 56.867721
 56.868105
 56.870173
 56.870913
 56.872897
 56.878196
 56.878527
 56.878955
 56.879812
 56.880668
 56.881841
 56.882937
 56.884891
 56.887760
 56.889667
 56.889924
 56.890290
 56.891452
 56.892129
 56.927498
 56.931205
 56.931641
 56.931970
 56.932428
 56.933590
 56.954038
 56.954782
 56.956443
 57.013578
 57.014548
 57.015363
 57.016455
 57.016841
 57.017089
 57.073600
 57.073955
 57.074317
 57.078470
 57.079466
 57.080791
 57.134985
 57.135361
 57.135930
 57.138528
 57.138933
 57.139180
 57.196142
 57.196377
 57.197261
 57.197618
 57.197998
 57.198434
 57.257768
 57.258113
 57.259241
 57.259568
 57.260029
 57.261890
 57.262143
 57.268445
 57.268775
 57.269441
 57.467787
 57.468590
 57.469042
 57.469374
 57.472814
 57.473130
 57.473471
 57.473824
 57.474158
 57.474610
 57.474934
 57.475286
 57.475846
 57.476422
 57.476725
 57.480491
 57.482091
 57.483053
 57.483469
 57.485399
 57.486261
 57.510470
 57.514495
 57.520714
 57.521072
 57.522781
 57.523021
 57.530412
 57.530738
 57.533402
 57.587089
 57.587429
 57.588648
 57.593864
 57.594275
 57.594573
 57.648867
 57.651009
 57.652712
 57.653034
 57.653426
 57.653771
 57.654477
 57.713728
 57.715643
 57.716662
 57.718767
 57.719219
 57.719541
 57.720984
 57.721919
 57.722932
 57.734209
 57.735251
 57.737053
 57.769511
 57.769917
 57.770199
 57.828761
 57.829138
 57.829521
 57.831516
 57.832541
 57.832857
 57.885733
 57.888798
 57.889220
 57.890027
 57.892856
 57.893649
 58.069736
 58.070159
 58.070583
 58.070944
 58.072219
 58.072546
 58.075767
 58.077233
 58.077628
 58.078008
 58.078512
 58.079148
 58.079917
 58.081037
 58.082297
 58.082649
 58.083047
 58.083483
 58.098384
 58.099223
 58.099585
 58.148148
 58.148968
 58.149428
 58.150477
 58.150676
 58.213793
 58.217011
 58.217365
 58.217876
 58.218857
 58.219867
 58.275786
 58.276136
 58.276475
 58.276815
 58.277980
 58.278294
 58.336681
 58.338319
 58.338752
 58.339860
 58.340262
 58.340510
 58.398148
 58.400969
 58.401322
 58.405766
 58.406633
 58.406997
 58.416515
 58.419417
 58.419686
 58.480194
 58.480542
 58.480993
 58.481650
 58.482355
 58.482890
 58.672095
 58.672388
 58.674691
 58.675579
 58.677575
 58.677889
 58.678844
 58.679355
 58.679988
 58.680443
 58.680778
 58.681034
 58.681641
 58.682059
 58.688286
 58.688589
 58.689020
 58.689334
 58.697409
 58.697842
 58.698132
 58.758495
 58.760191
 58.761014
 58.761360
 58.761729
 58.766222
 58.824130
 58.824431
 58.824792
 58.825150
 58.825507
 58.828514
 58.884809
 58.885722
 58.886083
 58.886439
 58.886792
 58.887387
 58.950204
 58.953217
 58.953611
 58.956243
 58.958741
 58.960905
 59.011170
 59.011530
 59.011863
 59.013561
 59.020209
 59.020432
 59.021067
 59.021467
 59.021971
 59.070580
 59.072615
 59.073311
 59.274897
 59.277135
 59.277516
 59.278705
 59.278981
 59.279352
 59.279769
 59.280275
 59.282462
 59.282758
 59.283139
 59.283521
 59.283846
 59.286397
 59.290323
 59.291167
 59.291496
 59.321795
 59.322123
 59.322984
 59.324015
 59.324875
 59.325515
 59.325900
 59.326226
 59.327804
 59.334731
 59.336385
 59.336764
 59.387549
 59.387847
 59.388841
 59.476901
 59.477787
 59.478474
 59.478936
 59.481146
 59.481459
 59.538681
 59.539447
 59.539810
 59.540253
 59.540810
 59.541086
 59.604858
 59.605140
 59.605502
 59.605881
 59.606215
 59.606581
 59.665275
