538.290031
538.293814
538.301740
538.301747
538.301753
538.305313
538.305319
538.305510
538.305516
538.305522
538.305528
538.308945
538.308951
538.308957
538.308963
538.309152
538.309158
538.309165
538.309172
538.309178
538.309185
538.309191
538.309197
538.312584
538.312590
538.312597
538.312603
538.312650
538.312656
538.312663
538.312669
538.312768
538.312775
538.312781
538.312787
538.312794
538.312800
538.312807
538.312812
538.312827
538.312833
538.313326
538.313331
538.313353
538.320762
