  8.657184
  8.666121
  8.677184
  8.745635
  8.767194
  8.776108
  8.817197
  8.835590
  8.847190
  8.896169
  8.907168
  8.926144
  8.937181
  8.946098
  8.957234
  9.316111
  9.327187
  9.346098
  9.350161
  9.366089
  9.387173
  9.389123
  9.397152
  9.406110
  9.626097
  9.647168
  9.746073
  9.750156
  9.756087
  9.777159
  9.786082
  9.797174
  9.806097
  9.809671
  9.836082
  9.847151
  9.848704
  9.877160
 10.027178
 10.028596
 10.047162
 10.056075
 10.077172
 10.085557
 10.107188
 10.126092
 10.137137
 10.145615
 10.167148
 10.185574
 10.197169
 10.216095
 10.237171
 10.246087
 10.267151
 10.275621
 10.297158
 10.306092
 10.337162
 10.338091
 10.347130
 10.376093
 10.379172
 10.396093
 10.417154
 10.418084
 10.437165
 10.445548
 10.467140
 10.476082
 10.506685
 10.516084
 10.527155
 10.546079
 10.557156
 10.559070
 10.577127
 10.586076
 10.597126
 10.616095
 10.637157
 10.656097
 10.666591
 10.686083
 10.697138
 10.706078
 10.726562
 10.736071
 10.767151
 10.768549
 10.787131
 10.796080
 10.817120
 10.826070
 10.836643
 10.856081
 10.877141
 10.896076
 10.899146
 10.916078
 10.927126
 10.936070
 10.957117
 10.965562
 10.987138
 10.996061
 11.017128
 11.036079
 11.039201
 11.056066
 11.076617
 11.086072
 11.097118
 11.146049
 11.167145
 11.186082
 11.197143
 11.216048
 11.237114
 11.256074
 11.277142
 11.285482
 11.307125
 11.316050
 11.337120
 11.356071
 11.377134
 11.385565
 11.417144
 11.426044
 11.447122
 11.456037
 11.476041
 11.497111
 11.506050
 11.537122
 11.556046
 11.560109
 11.576062
 11.607143
 11.609046
 11.627110
 11.646059
 11.657121
 11.676067
 11.686104
 11.726062
 11.747109
 11.756059
 11.777113
 11.796054
 11.817125
 11.826030
 11.837116
 11.846034
 11.867116
 11.876031
 11.886557
 11.916050
 11.937098
 11.946045
 11.967117
 11.968706
 11.977119
 11.996058
 12.027110
 12.028748
 12.047108
 12.048044
 12.067125
 12.086041
 12.107110
 12.115558
 12.137121
 12.146052
 12.167100
 12.168032
 12.197088
 12.206022
 12.227107
 12.236048
 12.247097
 12.256020
 12.277106
 12.285515
 12.307101
 12.316042
 12.327092
 12.375492
 12.397116
 12.406014
 12.436576
 12.456012
 12.487106
 12.488013
 12.536093
 12.546044
 12.627109
 12.628713
 12.686609
 