  8.657184
  8.666121
  8.677184
  8.745635
  8.767194
  8.776108
  8.817197
  8.835590
  8.847190
  8.896169
  8.907168
  8.926144
  8.937181
  8.946098
  8.957234
  9.316111
  9.327187
  9.346098
  9.350161
  9.366089
  9.387173
  9.389123
  9.397152
  9.406110
  9.626097
  9.647168
  9.746073
  9.750156
  9.756087
  9.777159
  9.786082
  9.797174
  9.806097
  9.809671
  9.836082
  9.847151
  9.848704
  9.877160
 10.027178
 10.028596
 10.047162
 10.056075
 10.077172
 10.085557
 10.107188
 10.126092
 10.137137
 10.145615
 10.167148
 10.185574
 10.197169
 10.216095
 10.237171
 10.246087
 10.267151
 10.275621
 10.297158
 10.306092
 10.337162
 10.338091
 10.347130
 10.376093
 10.379172
 10.396093
 10.417154
 10.418084
 10.437165
 10.445548
 10.467140
 10.476082
 10.506685
 10.516084
 10.527155
 10.546079
 10.557156
 10.559070
 10.577127
 10.586076
 10.597126
 10.616095
 10.637157
 10.656097
 10.666591
 10.686083
 10.697138
 10.706078
 10.726562
 10.736071
 10.767151
 10.768549
 10.787131
 10.796080
 10.817120
 10.826070
 10.836643
 10.856081
 10.877141
 10.896076
 10.899146
 10.916078
 10.927126
 10.936070
 10.957117
 10.965562
 10.987138
 10.996061
 11.017128
 11.036079
 11.039201
 11.056066
 11.076617
 11.086072
 11.097118
 11.146049
 11.167145
 11.186082
 11.197143
 11.216048
 11.237114
 11.256074
 11.277142
 11.285482
 11.307125
 11.316050
 11.337120
 11.356071
 11.377134
 11.385565
 11.417144
 11.426044
 11.447122
 11.456037
 11.476041
 11.497111
 11.506050
 11.537122
 11.556046
 11.560109
 11.576062
 11.607143
 11.609046
 11.627110
 11.646059
 11.657121
 11.676067
 11.686104
 11.726062
 11.747109
 11.756059
 11.777113
 11.796054
 11.817125
 11.826030
 11.837116
 11.846034
 11.867116
 11.876031
 11.886557
 11.916050
 11.937098
 11.946045
 11.967117
 11.968706
 11.977119
 11.996058
 12.027110
 12.028748
 12.047108
 12.048044
 12.067125
 12.086041
 12.107110
 12.115558
 12.137121
 12.146052
 12.167100
 12.168032
 12.197088
 12.206022
 12.227107
 12.236048
 12.247097
 12.256020
 12.277106
 12.285515
 12.307101
 12.316042
 12.327092
 12.375492
 12.397116
 12.406014
 12.436576
 12.456012
 12.487106
 12.488013
 12.536093
 12.546044
 12.627109
 12.628713
 12.686609
 12.806036
 12.827075
 12.836010
 12.856591
 12.886033
 12.897071
 12.905447
 12.927089
 12.945533
 12.957093
 13.106038
 13.137089
 13.166028
 13.196497
 13.256021
 13.277092
 13.305997
 13.357070
 13.376014
 13.426662
 13.445485
 13.466012
 13.496565
 13.514905
 13.647092
 13.665024
 13.686494
 13.715988
 13.726595
 13.776017
 13.817083
 13.864999
 13.907046
 13.915973
 13.987078
 14.025442
 14.086067
 14.095982
 14.146051
 14.155984
 14.197050
 14.236016
 14.277061
 14.305980
 14.327050
 14.355476
 14.377043
 14.395995
 14.417049
 14.436001
 14.467036
 14.485966
 14.507040
 14.525985
 14.547046
 14.565993
 14.576494
 14.624987
 15.007036
 15.015983
 15.036554
 15.055494
 15.087050
 15.095480
 15.126559
 15.145953
 15.177021
 15.195948
 15.217022
 15.245981
 15.257529
 15.275971
 15.306552
 15.315440
 15.345494
 15.366028
 15.387027
 15.404972
 15.416522
 15.445975
 15.467008
 15.497011
 15.505973
 15.527022
 15.545959
 15.585482
 15.606014
 15.625944
 15.646512
 15.665516
 15.687042
 15.704946
 15.735994
 15.740028
 15.756486
 15.775948
 15.786003
 15.795944
 15.817014
 15.845944
 15.857017
 15.865962
 15.877006
 15.906012
 15.925396
 15.947018
 15.955397
 15.967021
 15.985935
 16.007060
 16.015931
 16.027011
 16.035928
 16.057033
 16.085958
 16.089420
 16.105961
 16.127017
 16.128937
 16.147015
 16.154951
 16.186443
 16.205924
 16.209026
 16.235964
 16.256517
 16.265948
 16.287003
 16.287936
 16.316527
 16.345928
 16.367006
 16.395927
 16.426436
 16.445431
 16.486532
 16.515373
 16.587003
 16.655939
 16.666004
 16.684952
 16.755983
 16.805402
 16.816975
 16.845946
 16.877008
 16.895928
 16.925977
 16.955914
 16.966998
 16.985905
 17.037001
 17.055922
 17.086523
 17.095944
 17.127006
 17.155413
 17.196983
 17.197926
 17.216479
 17.255945
 17.276528
 17.295367
 17.306995
 17.325908
 17.346483
 17.354936
 17.376492
 17.395379
 17.405974
 17.425898
 17.436979
 17.455401
 17.465930
 17.486965
 17.495372
 17.516989
 17.535322
 17.556977
 17.564903
 17.576485
 17.595328
 17.616965
 17.625384
 17.636982
 17.665271
 17.676466
 17.695900
 17.716413
 17.725419
 17.746981
 17.755888
 17.765984
 17.785373
 17.805983
 17.825922
 17.835958
 17.855916
 17.865977
 17.885911
 17.916973
 17.918432
 17.936961
 17.955913
 17.966976
 17.975890
 17.995980
 18.015919
 18.019049
 18.035918
 18.046449
 18.054903
 18.076471
 18.085333
 18.106477
 18.125366
 18.135967
 18.155908
 18.165978
 18.185910
 18.206945
 18.215906
 18.219037
 18.245914
 18.256421
 18.265892
 18.286965
 18.295903
 18.316985
 18.335904
 18.346981
 18.364893
 18.376958
 18.395899
 18.399013
 18.415878
 18.436978
 18.445392
 18.466941
 18.485906
 18.488969
 18.505896
 18.516948
 18.525293
 18.546969
 18.565890
 18.569272
 18.585901
 18.596956
 18.615878
 18.626949
 18.645895
 18.656451
 18.665874
 18.686967
 18.705866
 18.709022
 18.725886
 18.736937
 18.745889
 18.756967
 18.765887
 18.786943
 18.795891
 18.806962
 18.835883
 18.839938
 18.855862
 18.876932
 18.885405
 18.896386
 18.925884
 18.929427
 18.935401
 18.956435
 18.965866
 18.986961
 18.995890
 19.005925
 19.025863
 19.046931
 19.055873
 19.059019
 19.065357
 19.086451
 19.095268
 19.116441
 19.135897
 19.156958
 19.165866
 19.176944
 19.195877
 19.205943
 19.225875
 19.236952
 19.245873
 19.256956
 19.265905
 19.286952
 19.287875
 19.316927
 19.317845
 19.325948
 19.345886
 19.366956
 19.367871
 19.386380
 19.395867
 19.406928
 19.415874
 19.426465
 19.444879
 19.456953
 19.486948
 19.487847
 19.506946
 19.515880
 19.546927
 19.547854
 19.566950
 19.575370
 19.606433
 19.615358
 19.636925
 19.665870
 19.676941
 19.685845
 19.688916
 19.695840
 19.716943
 19.725848
 19.746930
 19.755869
 19.766433
 19.795856
 19.798942
 19.815870
 19.826923
 19.835867
 19.866908
 19.867835
 19.886939
 19.895839
 19.906918
 19.914848
 19.936937
 19.945848
 19.956906
 19.975856
 19.986935
 19.995365
 20.005916
 20.025835
 20.036392
 20.065854
 20.068905
 20.085376
 20.088905
 20.115864
 20.126927
 20.145342
 20.156946
 20.165858
 20.186932
 20.188871
 20.196910
 20.215916
 20.236974
 20.237862
 20.246919
 20.265354
 20.286406
 20.295284
 20.306896
 20.324858
 20.336358
 20.345829
 20.366904
 20.385881
 20.388920
 20.405849
 20.416901
 20.425853
 20.436391
 20.455841
 20.466368
 20.495835
 20.506907
 20.515831
 20.526917
 20.535837
 20.546925
 20.575863
 20.586911
 20.595855
 20.606920
 20.615838
 20.646916
 20.647834
 20.656908
 20.685828
 20.688897
 20.695847
 20.716921
 20.735834
 20.746369
 20.747845
 20.756886
 20.775852
 20.796899
 20.805852
 20.816916
 20.835845
 20.846918
 20.855834
 20.866908
 20.884822
 20.906895
 20.915844
 20.925915
 20.935830
 20.946880
 20.955823
 20.976882
 20.984833
 21.016914
 21.025827
 21.036901
 21.045307
 21.076900
 21.077846
 21.086893
 21.095833
 21.116317
 21.135813
 21.146905
 21.155820
 21.166419
 21.195819
 21.206908
 21.215844
 21.246896
 21.248860
 21.251908
 21.255825
 21.276895
 21.295325
 21.306900
 21.307826
 21.336919
 21.337824
 21.346885
 21.365829
 21.386876
 21.388812
 21.406901
 21.415824
 21.426904
 21.455302
 21.466896
 21.467810
 21.495810
 21.498939
 21.535835
 21.538975
 21.545819
 21.556897
 21.565233
 21.576871
 21.604829
 21.616398
 21.625831
 21.645904
 21.655829
 21.666386
 21.685834
 21.696898
 21.705253
 21.716896
 21.725798
 21.736870
 21.745819
 21.766877
 21.775796
 21.796197
 21.796200
